'COMM'  '15O 28 Sept 00, 19Ne=1.8885 MeV, 15O=2.3921 MeV; use M13/15 sext'
'COMM' 09900 500 1 2 0 0 0
'COMM' 1.8885, 0., 1., 19., 4.
'STRV' '    '
'DRIF' 'DF3 '
75.
'DRIF' 'DF4 '
6.5
'DRIF' 'DST0 '
20.
'DRIF' 'DF5  '
5.385
'SHRT' 'SH08'
0, 0., 0., 0., 0., 0.
'COLL' 'CO03'
1., 0., 0., 4.92, 4.92
'POLE' 'Q1  '
3., 3., 3.
0., 0., 25.23, 5.3975
-0.09432691, .0, .0, 0., 0.
18.89, -13.494, -13.494, 18.89
.295, 6.30221, -3.51059, .29528, 1.19866, -.423408
.295, 6.30221, -3.51059, .29528, 1.19866, -.423408
0., 0., 0., 0., 0., 0., 0., 0.
'COLL' 'CO04'
1., 0., 0., 4.92, 4.92
'SHRT' 'SH08'
0, 0.0, 0., 0., 0., 0.
'DRIF' 'DF7 '
25.69
'COLL' 'CO05'
1., 0., 0., 7.46, 7.46
'POLE' 'Q2  '
3., 3., 3.
0., 0., 33.385, 7.9375
.08637239, .0045675, -.00, 0., -.0
23.813, -19.844, -19.844,23.813
0.22, 5.367112, -1.99912, .911917, -.663814, .348883
0.22, 5.367112, -1.99912, .911917, -.663814, .348883
0., 0., 0., 0., 0., 0., 0., 0.
'COLL' 'CO06'
1., 0., 0., 7.409, 7.409
'DRIF' 'DF9 '
26.4
'RCOL' 'RC9 '
1.0 0.0 0.0 7.46 7.62 26.4
'DRIF' 'DF10'
26.4
'DRIF' 'DFA1'
11.0075
'SHRT' 'SH08'
-.19107, 0., 0., 0., 0., 0.
'COLL' 'CO07'
1., 0., 0., 7.46, 7.46
'DIPO' 'D1  '
2., 2., 2., 2., 3., 0.
0., 0., 10., 100., .21561204
50., 5.8, 5.8
-0.0, -0., 0., -0.
30., -22., -22., 30. 
.2877, 3.52101, -1.02159, -.049652, .133009, -.0193801
.2877, 3.52101, -1.02159, -.049652, .133009, -.0193801
0., 0., 0., 0., 0., 0.
-.0, 0.,100.,100.
0., 0., 0., 0., 0., 0., 0.
0., 0., 0., 0., 0., 0., 0.
'SHRT' 'SH09'
.19107, 0., 0., 0., 0., 0.
'COLL' 'CO08'
1., 0., 0., 7.46, 7.46
'DRIF' 'DFA2'
0.
'DRIF' 'DF11'
30.79
'RCOL' 'QSLT' 
0., 0., 0., 1.25, 1.25, 0.025
'DRIF' 'DF12'
3.9
'TEST' 'TST1'
'DRIF', 'DFAA'
22.65
'RCOL' 'RC12'
1.0 0.0 0.0 4.92 5.08 26.55
'DRIF' 'DF13'
26.55
'DRIF' 'DF14'
18.62
'COLL' 'CO13' 
1., 0., 0., 7.46, 7.46
'SHRT' 'SH13'
0., 0., 0., 0., 0., 0.
'POLE' 'Q3'
3., 3., 3.
0., .0, 18.75, 7.95
0., .01831480, 0., 0., 0.
20., -20., -20., 20.
0., 0., 0., 0., 0., 0.
0., 0., 0., 0., 0., 0.
0., 0., 0., 0., 0., 0., 0., 0.
'SHRT' 'SH14'
0., 0., 0., 0., 0., 0.
'COLL' 'CO14'
1., 0., 0., 7.46, 7.46 
'DRIF' 'DF15'
0.
'COLL' 'CO15'
1., 0., 0., 7.46, 7.46 
'DRIF' 'DF16'
16.14
'SHRT' 'SH15'
0., 0., 0., 0., 0., 0.
'POLE' 'Q4  ' 
3., 3., 3.
0., 0., 33.38, 7.9375
.07875767, 0., 0., 0., 0.
23.813, -19.844, -19.844,23.813
0.225, 6.22466, -2.38148, .2341, -.72032, .72371
0.225, 6.22466, -2.38148, .2341, -.72032, .72371
0., 0., 0., 0., 0., 0., 0., 0.
'SHRT' 'SH16'
0., 0., 0., 0., 0., 0.
'COLL' 'CO16'
1., 0., 0., 7.46, 7.46 
'DRIF' 'DF17'
0.
'DRIF' 'DF18'
21.62
'COLL' 'CO17'
1., 0., 0., 7.46, 7.46 
'SHRT' 'SH17'
0., 0., 0., 0., 0., 0.
'POLE' 'Q5  '
3., 3., 3.
0., 0., 33.38, 7.9375
-.10400018, .00, 0., 0., 0.
23.813, -19.844, -19.844,23.813
0.225, 6.22466, -2.38148, .2341, -.72032, .72371
0.225, 6.22466, -2.38148, .2341, -.72032, .72371
0., 0., 0., 0., 0., 0., 0., 0.
'SHRT' 'SH18'
0., 0., 0., 0., 0., 0.
'COLL' 'CO18'
1., 0., 0., 7.46, 7.46 
'DRIF' 'DF19'
21.62
'COLL' 'CO19'
1., 0., 0., 7.46, 7.46 
'SHRT' 'SH19'
0., 0., 0., 0., 0., 0.
'POLE' 'Q6'
3., 3., 3.
0., 0., 33.38, 7.9375
.05728922, .00, 0., 0., 0.
23.813, -19.844, -19.844,23.813
0.225, 6.22466, -2.38148, .2341, -.72032, .72371
0.225, 6.22466, -2.38148, .2341, -.72032, .72371
0., 0., 0., 0., 0., 0., 0., 0.
'SHRT' 'SH20'
0., 0., 0., 0., 0., 0.
'COLL' 'CO20'
1., 0., 0., 7.46, 7.46 
'DRIF' 'DF20'
0.
'DRIF' 'DF21'
16.14
'SHRT' 'SH21'
0., 0., 0., 0., 0., 0.
'COLL' 'CO21'
1., 0., 0., 7.46, 7.46 
'POLE' 'Q7  ' 
3., 3., 3.
0., 0., 18.75, 7.95
0., .00385606, 0., 0., 0.
20., -20., -20., 20.
0., 0., 0., 0., 0., 0.
0., 0., 0., 0., 0., 0.
0., 0., 0., 0., 0., 0., 0., 0.
'SHRT' 'SH22'
0., 0., 0., 0., 0., 0.
'COLL' 'CO22' 
1., 0., 0., 7.46, 7.46
'DRIF' 'DF22'
15.23
'COLL' 'CO22' 
1., 0., 0., 7.46, 7.46
'DRIF' 'DF23'
13.
'RCOL' 'RC23'
1.0 0.0 0.0 7.46 7.62 13.
'DRIF' 'DF24'
13.
'COLL' 'CO22' 
1., 0., 0., 7.46, 7.46
'DRIF' 'DF25'
14.97
'RCOL' 'RC25'
1.0 0.0 0.0 7.46 7.62 14.97
'DRIF' 'DF26'
14.97
'DRIF' 'FD0 '
0.875
'SHRT' 'SH23'
-.0657 0., 0., 0., 0. 0.
'RCOL' 'FC1'
0., 0., 0., 5.0, 14.0, 0.875 
'DRIF' 'FD1 '
8.875
'COLL' 'CO23'
0., 0., 0., 5.0, 5.0 
'EDIP' 'E1 '
1., 100., 100., .6
0., 0., 10., 200., -4.721
20.    
0., 0., 0., 0
15.1658, -14.6504, -14.6504, 15.1658
.07901, 3.90918, -.65329, 1.91401, .22838, -.80791
.07901, 3.90918, -.65329, 1.91401, .22838, -.80791
'SHRT' 'SH24'
.0657, 0., 0., 0., 0., 0.
'COLL' 'CO24'
0., 0., 0., 5.0, 5.0
'DRIF' 'FD2 '
8.875
'RCOL' 'FC2'
0., 0., 0., 5.0, 14.0, 0.875 
'DRIF' 'FD3 '
0.875
'DRIF' 'DF27'
47.625
'RCOL' 'RC27'
1.0 0.0 0.0 4.92 6.96 47.625
'DRIF' 'DF28'
47.625
'RCOL' 'MSLT'
0., .0, .0, 0.75, 1.25,0.025
'FCUP' 'FCM2'
0.0, 5.0, 1.0
'DRIF' 'DF28'
3.9
'TEST' 'TST2'
'DRIF' 'DFBB'
22.9
'RCOL' 'RC28'
1.0 0.0 0.0 4.92 5.08 26.8
'DRIF' 'DF29'
26.8
'DRIF' 'DF30'
13.5425
'RCOL' 'RC30'
1.0 0.0 0.0 4.92 5.08 13.5425
'DRIF' 'DF31'
13.5425
'COLL' 'CO27'
1., 0., 0., 4.92, 4.92 
'SHRT' 'SH28'
0., 0., 0., 0., 0., 0.
'POLE' 'Q8'
3., 3., 3.
0., 0., 25.23, 5.3975
-.05091622, 0., 0., 0., 0.0
18.89, -13.494, -13.494, 18.89
.295, 6.30221, -3.51059, .29528, 1.19866, -.423408
.295, 6.30221, -3.51059, .29528, 1.19866, -.423408
0., 0., 0., 0., 0., 0., 0., 0.
'SHRT' 'SH29'
0., 0., 0., 0., 0., 0.
'COLL' 'CO28'
1., 0., 0., 4.92, 4.92 
'DRIF' 'DF33'
0.
'DRIF' 'DF34'
25.695
'SHRT' 'SH30'
0., 0., 0., 0., 0., 0.
'COLL' 'CO29'
1., 0., 0., 7.46, 7.46 
'POLE' 'Q9'
3., 3., 3.
0., 0., 33.38, 7.9375
.0731129, .00, 0., 0., 0.
23.813, -19.844, -19.844, 23.813 
0.225, 6.22466, -2.38148, .2341, -.72032, .72371
0.225, 6.22466, -2.38148, .2341, -.72032, .72371
0., 0., 0., 0., 0., 0., 0., 0.
'SHRT' 'SH31'
0., 0., 0., 0., 0., 0.
'COLL' 'CO30'
1., 0., 0., 7.46, 7.46
'DRIF' 'DF35'
15.81
'SHRT' 'SH32'
0., 0., 0., 0., 0., 0.
'COLL' 'CO31'
1., 0., 0., 6.8, 6.8
'POLE' 'Q10'
3., 3., 3.
0., 0., 19.9, 8.
0., .0020298, .0, .0007228, 0.
20., -20., -20., 20.
0., 0., 0., 0., 0., 0.
0., 0., 0., 0., 0., 0.
0., 0., 0., 0., 0., 0., 0., 0.
'SHRT' 'SH33'
0., 0., 0., 0., 0., 0.
'COLL' 'CO32' 1st BCM bellows
1., 0., 0., 6.8, 6.8
'DRIF' 'DF37'
9.8
'COLL' 'CO32' 2nd BCM bellows
1., 0., 0., 6.8, 6.8
'DRIF' 'DF38'
26.
'COLL' 'CO30'
1., 0., 0., 6.8, 6.8
'DRIF' 'DF'
9.3
'COLL' 'CO33'
0., 0., 0., 40., 4.5 
'SHRT' 'SH34'
-.33216 0., 0., 0., 0., 0.
'DIPO' 'D2  '
1., 1., 1., 1., 3., 0.
0., 0., 12., 81.3, .26520546
75., 29., 29.
-0.00, -0., 0., -0.
36., -30., -30., 36.
.3295, 3.31886, -1.2036, .181157, .1103868, -.029513
.3295, 3.31886, -1.2036, .181157, .1103868, -.029513
0., 0., 0., 0., 0., 0.
0., 0., 80. 80.
0., 0., 0., 0., 0., 0., 0.
0., 0., 0., 0., 0., 0., 0.
'SHRT' 'SH35'
.33216, 0., 0., 0., 0., 0.
'COLL' 'CO34'
0., 0., 0., 40., 4.5
'DRIF' 'DF39' 
56.076
'COLL' 'CO35'
1., 0., 0., 7.46, 7.46
'DRIF' 'DF40'
6.025
'RCOL' 'RC40'
1.0 0.0 0.0 7.46 7.62 24.1
'DRIF' 'DF41'
6.025
'COLL' 'CO35'
1., 0., 0., 7.46, 7.46
'DRIF' 'DF42'
24.992
'RCOL' 'RC42'
1.0 0.0 0.0 7.46 7.62 24.992
'DRIF' 'DF43'
24.992
'COLL' 'CO35'
1., 0., 0., 7.46, 7.46
'SHRT' 'SH39'
0., 0., 0., 0., 0., 0.
'POLE' 'Q11'
3., 3., 3.
0., 0., 33.38, 7.9375
.05420925, .00, 0., 0., 0.
23.813, -19.844, -19.844, 23.813 
0.225, 6.22466, -2.38148, .2341, -.72032, .72371
0.225, 6.22466, -2.38148, .2341, -.72032, .72371
0., 0., 0., 0., 0., 0., 0., 0.
'SHRT' 'SH40'
0., 0., 0., 0., 0., 0.
'COLL' 'CO36'
1., 0., 0., 7.46, 7.46
'DRIF' 'DF43'
0.
'DRIF' 'DF44'
15.81
'SHRT' 'SH41'
0., 0., 0., 0., 0., 0.
'COLL' 'CO37'
1., 0., 0., 6.8, 6.8 
'POLE' 'Q12'
3., 3., 3.
0., 0., 19.9, 8.0
0., .015526, 0.0, .005701, 0.
20., -20., -20., 20.
0., 0., 0., 0., 0., 0.
0., 0., 0., 0., 0., 0.
0., 0., 0., 0., 0., 0., 0., 0.
'SHRT' 'SH42'
0., 0., 0., 0., 0., 0.
'COLL' 'CO38'
1., 0., 0., 6.8, 6.8
'DRIF' 'DF46'
15.
'COLL' 'CO39'
1., 0., 0., 7.46, 7.46
'DRIF' 'DF47'
13.
'RCOL' 'RC47'
1.0 0.0 0.0 7.46 7.62 13.
'DRIF' 'DF48'
13.
'COLL' 'CO40'
1., 0., 0., 7.46, 7.46
'DRIF' 'DF49'
17.175
'RCOL' 'RC49'
1.0 0.0 0.0 7.46 7.62 17.175
'DRIF' 'DF50'
17.175
'DRIF' 'FD4 '
0.875
'SHRT' 'SH43'
-.089, 0., 0., 0., 0., 0.
'RCOL' 'FC3'
0., 0., 0., 5.0, 15.0, 0.875 
'DRIF' 'FD5 '
8.875
'COLL' 'CO41'
0., 0., 0., 5., 15.
'EDIP' 'E2 '
1., 100., 100., .6
0., 0., 10., 250., -3.77557049
35.
0., 0., 50., 0.
15.1658, -14.6504, -14.6504, 15.1658
.07901, 3.90918, -.65329, 1.91401, .22838, -.80791
.07901, 3.90918, -.65329, 1.91401, .22838, -.80791
'SHRT' 'SH44'
.089, 0., 0., 0., 0., 0.
'COLL' 'CO42'
0., 0., 0., 5., 15.
'DRIF' 'FD6 '
8.875
'RCOL' 'FC4'
0., 0., 0., 5.0, 15.0, 0.875
'DRIF' 'FD7 '
0.875
'DRIF' 'DF51'
16.375
'RCOL' 'RC51'
1.0 0.0 0.0 7.46 15.81 16.375
'DRIF' 'DF52'
16.375
'COLL' 'CO43'
1., 0., 0., 7.409, 7.409
'DRIF' 'DF53'
19.775
'RCOL' 'RC53'
1.0 0.0 0.0 7.46 7.62 19.775
'DRIF' 'DF54'
19.775
'COLL' 'CO44'
1., 0., 0., 6.5, 6.5
'DRIF' 'DF55'
12.95
'RCOL' 'RC55'
1.0 0.0 0.0 7.46 7.62 12.95
'DRIF' 'DF56'
12.95
'DRIF' 'DF51'
12.
'COLL' 'CO45'
1., 0., 0., 6.5, 6.5
'SHRT' 'SH48'
0., 0., 0., 0., 0., 0.
'POLE' 'Q13'
3., 3., 3.
0., 0., 46.7, 7.5
-.04192126, 0., 0., 0., 0.0
20.25, -18.75, -18.75, 20.25
.2535, 5.840314, -3.40247, 1.456423, 1.44575, -.754832
.2535, 5.840314, -3.40247, 1.456423, 1.44575, -.754832
0., 0., 0., 0., 0., 0., 0., 0.
'SHRT' 'SH49'
0., 0., 0., 0., 0., 0.
'COLL' 'CO46'
1., 0., 0., 6.5, 6.5
'DRIF' 'DF57'
19.9
'SHRT' 'SH50'
0., 0., 0., 0., 0., 0.
'COLL' 'CO47'
1., 0., 0., 6.5, 6.5 
'POLE' 'Q14'
3., 3., 3.
0., 0., 46.7, 7.5
.04687356, 0., 0., 0., -.00
20.25, -18.75, -18.75, 20.25
.2535, 5.840314, -3.40247, 1.456423, 1.44575, -.754832
.2535, 5.840314, -3.40247, 1.456423, 1.44575, -.754832
0., 0., 0., 0., 0., 0., 0., 0.
'SHRT' 'SH51'
0., 0., 0., 0., 0., 0.
'COLL' 'CO48'
1., 0., 0., 6.5, 6.5
'DRIF' 'DF58'
58.83465
'RCOL' 'RC58'
1.0 0.0 0.0 7.46 7.62 58.83465
'DRIF' 'DF59'
58.83465
'RCOL' 'FSLT'
0., 0., 0., 2.25, 2.25, .025 
'DRIF' 'FSB0'
46.98
'DRIF' 'FSB1'
7.979
'RCOL' 'FSB2'
1.0, 0.0, 0.0, 4.76, 5.76, 7.979
'DRIF' 'FSB3'
7.979
'DRIF' 'DB0X'
3.407
'COLL' 'DSSD'
0.0, 0.0, 0.0, 5.0, 5.0
'TEST' 'TST3'
'ENDV' ' '
'SENT' ' '







