0 0
8 0
16 0
24 0
32 0
40 0
48 0
56 0
64 0
72 0
80 0
88 0
96 0
104 0
112 0
120 0
128 0
136 0
144 0
152 0
160 0
168 0
176 0
184 0
192 0
200 0
208 0
216 0
224 0
232 0
240 0
248 0
256 0
264 0
272 0
280 0
288 0
296 0
304 0
312 0
320 0
328 0
336 0
344 0
352 0
360 0
368 0
376 0
384 0
392 0
400 0
408 0
416 0
424 0
432 0
440 0
448 0
456 0
464 0
472 0
480 0
488 0
496 0
504 0
512 0
520 0
528 0
536 0
544 0
552 0
560 0
568 0
576 0
584 0
592 0
600 0
608 0
616 0
624 0
632 0
640 0
648 0
656 0
664 0
672 0
680 0
688 0
696 0
704 0
712 0
720 0
728 0
736 0
744 0
752 0
760 0
768 0
776 0
784 0
792 0
800 0
808 0
816 0
824 0
832 0
840 0
848 0
856 0
864 0
872 0
880 0
888 0
896 0
904 0
912 0
920 0
928 0
936 0
944 0
952 0
960 0
968 0
976 0
984 0
992 0
1000 0
1008 0
1016 0
1024 0
1032 0
1040 0
1048 0
1056 0
1064 0
1072 0
1080 0
1088 0
1096 1
1104 1
1112 1
1120 1
1128 1
1136 1
1144 1
1152 1
1160 1
1168 1
1176 1
1184 1
1192 1
1200 1
1208 1
1216 1
1224 1
1232 1
1240 1
1248 1
1256 1
1264 1
1272 1
1280 1
1288 1
1296 1
1304 1
1312 1
1320 1
1328 1
1336 1
1344 2
1352 2
1360 2
1368 2
1376 2
1384 2
1392 2
1400 2
1408 2
1416 2
1424 2
1432 2
1440 2
1448 2
1456 3
1464 3
1472 3
1480 3
1488 3
1496 3
1504 3
1512 3
1520 3
1528 3
1536 4
1544 4
1552 4
1560 4
1568 4
1576 4
1584 4
1592 5
1600 5
1608 5
1616 5
1624 5
1632 6
1640 6
1648 6
1656 6
1664 6
1672 7
1680 7
1688 7
1696 7
1704 8
1712 8
1720 8
1728 9
1736 9
1744 9
1752 10
1760 10
1768 10
1776 11
1784 11
1792 11
1800 12
1808 12
1816 13
1824 13
1832 14
1840 14
1848 15
1856 15
1864 16
1872 16
1880 17
1888 18
1896 18
1904 19
1912 20
1920 20
1928 21
1936 22
1944 23
1952 24
1960 24
1968 25
1976 26
1984 27
1992 28
2000 29
2008 30
2016 31
2024 33
2032 34
2040 35
2048 36
2056 38
2064 39
2072 40
2080 42
2088 43
2096 45
2104 47
2112 48
2120 50
2128 52
2136 54
2144 56
2152 58
2160 60
2168 62
2176 65
2184 67
2192 69
2200 72
2208 75
2216 77
2224 80
2232 83
2240 86
2248 89
2256 92
2264 96
2272 99
2280 103
2288 107
2296 111
2304 115
2312 119
2320 123
2328 128
2336 133
2344 137
2352 142
2360 148
2368 153
2376 159
2384 165
2392 171
2400 177
2408 183
2416 190
2424 197
2432 204
2440 212
2448 219
2456 227
2464 236
2472 244
2480 253
2488 263
2496 272
2504 282
2512 293
2520 303
2528 315
2536 326
2544 338
2552 350
2560 363
2568 377
2576 390
2584 405
2592 420
2600 435
2608 451
2616 468
2624 485
2632 503
2640 521
2648 540
2656 560
2664 581
2672 603
2680 625
2688 648
2696 672
2704 698
2712 724
2720 751
2728 779
2736 809
2744 840
2752 872
2760 906
2768 942
2776 979
2784 1019
2792 1061
2800 1105
2808 1152
2816 1202
2824 1256
2832 1314
2840 1376
2848 1444
2856 1519
2864 1601
2872 1692
2880 1793
2888 1907
2896 2035
2904 2182
2912 2349
2920 2542
2928 2766
2936 3027
2944 3333
2952 3693
2960 4119
2968 4625
2976 5228
2984 5950
2992 6815
3000 7855
3008 9108
3016 10620
3024 12449
3032 14664
3040 17350
3048 20609
3056 24568
3064 29383
3072 35239
3080 42369
3088 51050
3096 61622
3104 74492
3112 90137
3120 109081
3128 131793
3136 158362
3144 187593
3152 214915
3160 229352
3168 215302
3176 168957
3184 110831
3192 63940
3200 34351
3208 17840
3216 9128
3224 4642
3232 2354
3240 1193
3248 604
3256 306
3264 155
3272 78
3280 40
3288 20
3296 10
3304 5
3312 3
3320 1
3328 1
3336 0
3344 0
3352 0
3360 0
3368 0
3376 0
3384 0
3392 0
3400 0
3408 0
3416 0
3424 0
3432 0
3440 0
3448 0
3456 0
3464 0
3472 0
3480 0
3488 0
3496 0
3504 0
3512 0
3520 0
3528 0
3536 0
3544 0
3552 0
3560 0
3568 0
3576 0
3584 0
3592 0
3600 0
3608 0
3616 0
3624 0
3632 0
3640 0
3648 0
3656 0
3664 0
3672 0
3680 0
3688 0
3696 0
3704 0
3712 0
3720 0
3728 0
3736 0
3744 0
3752 0
3760 0
3768 0
3776 0
3784 0
3792 0
3800 0
3808 0
3816 0
3824 0
3832 0
3840 0
3848 0
3856 0
3864 0
3872 0
3880 0
3888 0
3896 0
3904 0
3912 0
3920 0
3928 0
3936 0
3944 0
3952 0
3960 0
3968 0
3976 0
3984 0
3992 0
4000 0
4008 0
4016 0
4024 0
4032 0
4040 0
4048 0
4056 0
4064 0
4072 0
4080 0
4088 0
